0 0.0 -0.026422592180559888 0.0
1 0.0 0.02601479424671508 0.0
2 0.0 0.01966629146246522 0.0
3 0.0 0.05449826276257033 0.0
4 0.0 0.04638307378218253 0.0
5 0.0 0.022105863224188456 0.0
6 0.0 0.0048637857301698055 0.0
7 0.0 0.03770102114426044 0.0
8 0.0 -0.030589185304576456 0.0
9 0.0 -0.01723312336750055 0.0
10 0.0 0.01974630665084099 0.0
11 0.0 0.02461498422631459 0.0
12 0.0 0.026015439126466252 0.0
13 0.0 0.019298455906604173 0.0
14 0.0 0.019533855451767126 0.0
15 0.0 0.03887095250223652 0.0
16 0.0 -0.05212907588926302 0.0
17 0.0 0.03496666790953125 0.0
18 0.0 0.04660834840985365 0.0
19 0.0 -0.022359410283175306 0.0
20 0.0 -0.03839088678230427 0.0
21 0.0 -0.04951561400153246 0.0
22 0.0 0.019495284443944966 0.0
23 0.0 -0.012056432231407163 0.0
24 0.0 -0.018783397451685085 0.0
25 0.0 -0.024247242682291288 0.0
26 0.0 0.01118071899320323 0.0
27 0.0 -0.014168228839891134 0.0
28 0.0 0.08651986726282589 0.0
29 0.0 -0.01778236343120703 0.0
30 0.0 -0.006979189105982707 0.0
31 0.0 0.018445212487103953 0.0
32 0.0 -0.004644229540737677 0.0
33 0.0 0.028037795197792745 0.0
34 0.0 -0.02119433420822251 0.0
35 0.0 -0.0009680427663136398 0.0
36 0.0 0.05918876499267105 0.0
37 0.0 0.03226484212388162 0.0
38 0.0 -0.030265551084142632 0.0
39 0.0 -0.05307341318867707 0.0
40 0.0 0.03112612593611499 0.0
41 0.0 0.030544940625379973 0.0
42 0.0 0.052161107631715845 0.0
43 0.0 0.003941211415402508 0.0
44 0.0 0.0381175789162069 0.0
45 0.0 -0.01990797604862341 0.0
46 0.0 -0.05990749769905042 0.0
47 0.0 0.023981813195924597 0.0
48 0.0 0.004978686304315321 0.0
49 0.0 0.0644430959676444 0.0
50 0.0 -0.015513551100597245 0.005558190196747043
51 0.0 -0.01896368346971887 0.0
52 0.0 0.01072452802978579 0.0
53 0.0 -0.010382164776373437 0.0
54 0.0 0.009452716253829789 0.0
55 0.0 -0.055934944978660917 0.0
56 0.0 0.05592565133263759 0.0
57 0.0 -0.011114150657776578 0.0
58 0.0 0.008239175421437251 0.0
59 0.0 -0.029750265554768444 0.0
60 0.0 0.018432400423852323 0.0
61 0.0 -0.007170176943469327 0.0
62 0.0 0.0017032913098614607 0.0
63 0.0 0.000938486909254627 0.0
64 0.0 0.029483147609783614 0.0
65 0.0 -0.07132126645003029 0.0
66 0.0 -0.006108975816515481 0.0
67 0.0 -0.04568801197395414 0.0
68 0.0 0.0020029872895521994 0.0
69 0.0 0.05367573139404107 0.0
70 0.0 0.014134051283082757 0.0
71 0.0 0.020807373462278393 0.0
72 0.0 0.04014304399934149 0.0
73 0.0 0.009540656535013167 0.0
74 0.0 -0.07614807228771331 0.0
75 0.0 0.08232055933472021 0.0
76 0.0 0.014011380956410639 0.0
77 0.0 0.0018709613426188473 0.0
78 0.0 -0.016464106003961483 0.0
79 0.0 -0.044087510242593546 0.0
80 0.0 0.012360442540572869 0.0
81 0.0 0.010843500459150971 0.0
82 0.0 0.031270362899256526 0.0
83 0.0 -0.0030517213489573286 0.0
84 0.0 -0.014955207170093132 0.0
85 0.0 -0.02970240349210733 0.0
86 -0.0006965228159367953 -0.040432925144892606 0.0
87 0.0 -0.0049882181216098845 0.0
88 0.0 -0.010669002428336936 0.0
89 0.0 0.07875619953038461 0.0
90 0.0 0.028691306152858136 0.0
91 0.0 -0.039071862730231194 0.0
92 0.0 0.0035086309538235917 0.0
93 0.0 0.006952670051241158 0.0
94 0.0 0.016189394794627533 0.0
95 0.0 0.027615238402208316 0.0
96 0.0 -0.009142943028019984 0.0
97 0.0 -0.032783154796365566 0.0
98 0.0 -0.05887185551221158 0.0
99 0.0 0.05513460820297765 0.0
100 0.0 -0.03774928631154562 0.0
101 0.0 -0.03930577875834471 0.0
102 0.0 -0.025798238140946245 0.0
103 0.0 -0.031319727236036835 0.0
104 0.0 -0.082140876718973 0.0
105 0.0 -0.04302873425764385 0.0
106 0.0 0.000872467612723471 0.0
107 0.0 -0.002487733592111677 0.0
108 0.0 -0.01800083438100423 0.0
109 0.0 -0.009150454629906131 0.0
110 0.0 -0.04006926756633017 0.0
111 0.0 0.0424830939852267 0.0
112 0.0 0.03984192115053344 0.0
113 0.0 0.057639327492328536 0.0
114 0.0 -0.025963823310178047 0.0
115 0.0 0.030456380274996565 0.0
116 0.0 0.043164245329279774 0.0
117 0.0 0.02699582641189526 0.0
118 0.0 -0.06915410049560647 0.0
119 0.0013587042768554713 0.06515112329224429 0.0
120 0.0 -0.03863121690487868 0.0
121 0.0 0.018720800265904794 0.0
122 0.0 -0.011796093327349426 0.0
123 0.0 0.004033198613068997 0.0
124 0.0 -0.037702645453741024 0.0
125 0.0 0.010891446418511468 0.0
126 0.0 -0.005511630739170211 0.0
127 0.0008853600436773412 0.07355889011833017 0.0
128 0.0 0.020081874759818253 0.0
129 0.0 0.08526512784344421 0.0
130 0.0 0.023278889274849647 0.0
131 0.0 -0.014024304084431206 0.0
132 0.0 -0.021313212456043226 0.0
133 0.0 -0.00038682837967449896 0.0
134 0.0 0.009437565615558797 0.0
135 0.0 -0.042418887867028826 0.0
136 0.0 -0.06780320402080017 0.0
137 0.0 0.07693519575069324 0.0
138 -0.0010426142738797495 -0.04880786009672075 0.0
139 0.0 -0.007179083865106323 0.0
140 0.0 0.015544479556818022 0.0
141 0.0 0.06558253646665262 0.0
142 0.0 -0.012593860833021197 0.0
143 0.0 -0.008677491088569404 0.0
144 0.0 0.014807333550909312 0.0
145 0.0 0.07845414156432313 0.0
146 0.0 -0.0075796699633344025 0.0
147 0.0 0.050145207803634004 0.0
148 0.0 -0.0016971614148475183 0.0
149 0.0 -0.03754218680302633 0.0
150 0.0 -0.061945723196756924 0.0
151 0.0 0.0094113309912454 0.0
152 0.0 -0.03440960753689578 0.0
153 0.0 -0.04963187801276357 0.0
154 0.0 0.026315825015634 0.0
155 0.0 -0.03930907243901511 0.0
156 0.0 -0.017200754869160065 0.0
157 0.0 0.03380243555487721 0.0
158 0.0 -0.04563382725047828 0.0
159 0.0 0.06572098686841346 0.0
160 0.0 -0.03623649315331324 0.0
161 0.0 0.006888293758219398 0.0
162 0.0 -0.06982407684994665 0.0
163 0.0 -0.04395032901467908 0.0
164 0.0 0.07374625349997274 0.0
165 0.0 -0.044611556309033115 0.0
166 0.0 0.005584220983741598 0.0
167 0.6407040194025755 0.057980238634575104 0.6425190302857239
168 0.0 -0.010717006462240625 0.0
169 0.0 0.020195220284687804 0.0
170 0.0 -0.004960922114088187 0.0
171 0.0 -0.03933184740491931 0.0
172 0.0 -0.04242939946866926 0.0
173 0.0 -0.006556126943326589 0.0
174 0.0 -0.021352490093690064 0.0
175 0.0 -0.013847917918264632 0.0
176 0.0 -0.0541447756740639 0.0
177 0.0 -0.00114868044481649 0.0
178 0.0 -0.03828758147403999 0.0
179 0.0 -0.015598378325692736 0.0
180 0.0 0.022209815649780175 0.0
181 0.0 -0.023069197947067677 0.0
182 0.0 0.005418574086812858 0.0
183 0.0 -0.038234584079249505 0.0
184 0.0 -0.04966524614444515 0.0
185 0.0 0.02236228247837635 0.0
186 0.0 0.018471925655911655 0.0
187 0.0 -0.00754182733613129 0.0
188 0.0 0.014712467965397958 0.0
189 0.0 0.0031965835715647636 0.0
190 0.0 -0.0042816402114141915 0.0
191 0.0 -0.010161735518731473 0.0
192 0.0 -0.04091714195495075 0.0
193 0.0 0.015139187120714135 0.0
194 0.0 0.004198411388816541 0.0
195 0.0 0.02029182583588716 0.0
196 0.0 -0.012895443575063045 0.0
197 0.0 -0.002347257727230583 0.0
198 0.0 -0.04530123010704294 0.0
199 0.0 -0.00574944015052054 0.0
200 0.0 -0.02258138454631011 0.0
201 0.0 0.005959792814591414 0.0
202 0.0 0.03549702028205644 0.0
203 0.0 -0.03927774319599554 0.0
204 0.0 0.006383670403031209 0.0
205 0.0 0.016029297793603785 0.0
206 0.0 0.016492280840012405 0.0
207 0.0 0.018232559787221464 0.0
208 0.0 0.01875508503400354 0.0
209 0.0 -0.017286990604150336 0.0
210 0.2971901784825304 0.06475562045294958 0.297840487923957
211 0.0 -0.014569327119627797 0.0
212 0.0 0.0026719948669097545 0.0
213 0.0 0.027525122056982487 0.0
214 0.0 -0.017893283309830067 0.0
215 0.0 0.035553552669427765 0.0
216 0.0 0.035945226667232724 0.0
217 0.0 -0.06046953358795309 0.0
218 0.0 -0.07515444067220384 0.0
219 0.0 0.020687201813287266 0.0
220 0.0 0.03337287600820265 0.0
221 0.0 -0.00902659744163475 0.0
222 0.0 -0.017575897255556527 0.0
223 0.0 0.0552428088959706 0.0
224 0.0 0.010765776281846887 0.0
225 0.0 -0.05059447237775326 0.0
226 0.0 -0.002679978727049854 0.0
227 -0.3758848494535285 -0.015225724413302655 -0.3763009945025038
228 0.0 0.031136963578163118 0.0
229 0.0 0.0579490688029258 0.0
230 0.0 -0.1026869354667964 0.0
231 0.0 -0.014044516037166648 0.0
232 0.0 0.008765048618598725 0.0
233 0.0 0.0014216895199445564 0.0
234 0.0 -0.007163271327816717 0.0
235 0.0 0.018537461470338277 0.0
236 0.0 0.010735826825604373 0.0
237 0.0 -0.03866739195604982 0.0
238 0.0 0.039797488075025436 0.0
239 0.0 -0.014864778580984797 0.0
240 0.0 -0.01681223260008037 0.0
241 0.0 0.05740002798253373 0.0
242 0.0 -0.02969272994312472 0.0
243 0.0 0.04199085396364984 0.0
244 0.0 -0.05439807521671801 0.0
245 0.0 0.0026712490679371287 0.0
246 0.0 -0.04499445188976886 0.0
247 0.0 -0.024926655458361625 0.0
248 0.0 0.08707194315460143 0.0
249 0.0 0.017345654766351484 0.0
250 0.0 -0.029501479297367447 0.0
251 0.0 0.05781057732865562 0.0
252 0.0 -0.023122936465194106 0.0
253 0.0 -0.04539169299010399 0.0
254 0.0 0.02875648610306455 0.0
255 0.0 -0.055345273663124445 0.0
256 0.0 0.02587315927927762 0.0
257 0.0 0.004245189362216625 0.0
258 0.0 -0.008673791094664436 0.0
259 0.0 -0.0038628036002656355 0.0
260 0.0 -0.08263707986316673 0.0
261 -1.430504250875578 -0.14123150696275874 -1.4312955709975443
262 0.0 0.03223941964932164 0.0
263 0.0 -0.0159656378106533 0.0
264 0.0 0.06253207885099794 0.0
265 0.0 -0.023510549189142825 0.0
266 0.0 0.04943040269754624 0.0
267 0.0 0.03125643679555549 0.0
268 0.0 -0.011059318975244679 0.0
269 0.0 0.04949530917351822 0.0
270 0.0 -0.01325213150156278 0.0
271 0.0 0.04115429599586408 0.0
272 0.0 0.10193117666937143 0.0
273 0.0 0.0066247530424846214 0.0
274 0.0 -0.01912091262189553 0.0
275 0.0 0.034131993587337435 0.0
276 0.0 0.012568424166811955 0.0
277 0.0 -0.04080326824100357 0.0
278 0.0 0.046039574118082356 0.0
279 0.0 0.034632354136270374 0.0
280 0.0 -0.016065442162344595 0.0
281 0.0 0.024220192469054762 0.0
282 0.0 0.007020036305457123 0.0
283 0.0 0.0019363769734671247 0.0
284 0.0 0.010706612168579425 0.0
285 0.0 0.011463805271176054 0.0
286 0.0 -0.02988670765723821 0.0
287 0.0 -0.040562008847772474 0.0
288 0.0 0.011326153142275436 0.0
289 0.0 0.0042454927398495185 0.0
290 0.0 0.007951014701741045 0.0
291 0.0 0.008849464227188386 0.0
292 0.0 -0.05978141693302938 0.0
293 0.0 -0.03546271718330833 0.0
294 0.0 0.021804209703931276 0.0
295 0.0 0.008088406148392992 0.0
296 0.0 -0.06235062106334507 0.0
297 0.0 -0.029656333788050583 0.0
298 0.0 0.0038055214078233507 0.0
299 0.0 0.004367986382530455 0.0
300 0.0 0.015127192402821453 0.0
301 0.0 0.028446359603974493 0.0
302 0.0 0.028197393822345474 0.0
303 0.0 0.0053610214966099655 0.0
304 0.0 0.0037110433084559663 0.0
305 0.0 -0.01727889878105146 0.0
306 0.0 -0.0410827962538689 0.0
307 0.0 0.002296729823757681 0.0
308 0.0 0.03530023690281868 0.0
309 0.0 0.05665562753916954 0.0
310 0.0 0.015460065276865503 0.0
311 0.0 -0.035638689937896775 0.0
312 0.0 0.0205577434628852 0.0
313 0.0 -0.054158658291778496 0.0
314 0.0 -0.047093856389590835 0.0
315 0.0 0.02908770042685027 0.0
316 0.0 -0.0637041864866018 0.0
317 0.0 -0.008027660581733261 0.0
318 0.0 -0.008504021189148388 0.0
319 0.0 -0.03754889985873303 0.0
320 0.0 -0.007769882292128279 0.0
321 0.0 -0.03422413072202576 0.0
322 0.0 0.005502608430219456 0.0
323 0.0 0.054440451817154824 0.0
324 0.0 -0.04344903223317301 0.0
325 0.0 0.012584739787161951 0.0
326 0.4587202095780123 0.0677830676215054 0.4604334745965628
327 0.0 0.014247078474325534 0.0
328 0.0 -0.03064293002842001 0.0
329 0.0 -0.03777964363682355 0.0
330 0.0 -0.03382347850638305 0.0
331 0.0 0.008166925669358338 0.0
332 0.0 0.028264841035593815 0.0
333 0.0 -0.11273511364352776 0.0
334 0.0 0.0056552522334047135 0.0
335 0.0 -0.005580828740890623 0.0
336 0.0 0.032341337674443874 0.0
337 0.0 0.001613521764149549 0.0
338 0.0 0.04865205850523432 0.0
339 0.0 -0.06864238471914054 0.0
340 0.0 0.02737080183783319 0.0
341 0.0 0.011004343433122166 0.0
342 0.0 -0.03756432939515493 0.0
343 0.0 -0.02380750151889209 0.0
344 0.0 -0.0240502409432206 0.0
345 0.0 -0.03150610307452064 0.0
346 0.0 0.006686359785017009 0.0
347 0.0 0.02821565172239201 0.0
348 0.0 -0.029370197526462964 0.0
349 0.0 -0.01778865738272599 0.0
350 0.0 0.03302617187305099 0.0
351 0.0 0.015240168069233933 0.0
352 0.0 -0.004723745979211475 0.0
353 0.0 0.020323126052056602 0.0
354 0.0 0.0027943972452019513 0.0
355 0.0 0.015440956604401595 0.0
356 0.0 0.006369230791671433 0.0
357 0.0 0.06676067578840131 0.0
358 0.0 -0.020375446991268434 0.0
359 0.0 -0.08627487412653032 0.0
360 0.0 0.012631019001590405 0.0
361 0.0 -0.0811789893196892 0.0
362 0.0 0.020361086271058024 0.0
363 0.0 0.051854993959753126 0.0
364 0.0 0.03806852930285606 0.0
365 0.0 0.0678100349376957 0.0
366 0.0 0.08617149473756408 0.0
367 0.0 -0.06016519023061444 0.0
368 0.0 0.03172517383479009 0.0
369 0.0 0.012360243112921106 0.0
370 0.0 -0.012100126285822039 0.0
371 0.0 0.04940545681682034 0.0
372 0.0 0.1049717421780964 0.0
373 0.0 -0.003062381032635163 0.0
374 0.0 0.000967821571286373 0.0
375 0.0 0.013498842736013327 0.0
376 0.0 0.07912331296264112 0.0
377 0.0 0.014727692910458636 0.0
378 0.0 -0.06803320558214582 0.0
379 0.0 -0.03998941332242886 0.0
380 0.0 -0.00684183313584567 0.0
381 0.0 -0.00981548294049276 0.0
382 0.0 0.0056808123679727325 0.0
383 0.0 0.02819177393791019 0.0
384 0.0 0.02157729188885187 0.0
385 0.0 -0.01864434604757408 0.0
386 0.0 -0.010238332395801103 0.0
387 0.0 0.03690702120197665 0.0
388 0.0 -0.030548254608656913 0.0
389 0.0 -0.015574432971262328 0.0
390 0.0 0.008706779612753415 0.0
391 0.0 -0.016792654035869624 0.0
392 0.0 0.059908452883800624 0.0
393 0.0 -0.025922590475089227 0.0
394 0.0 -0.022190269418976873 0.0
395 0.0 0.021315524048106396 0.0
396 0.0 -0.022182853642205798 0.0
397 0.0 0.01705040782753958 0.0
398 0.0 -0.018657948099672344 0.0
399 0.0 0.08362189655959273 0.0
400 0.0 -0.0020686275580703486 0.0
401 0.0 0.02512564059961493 0.0
402 0.0 -0.013577948221857369 0.0
403 0.0 0.018625409966133592 0.0
404 0.0 -0.05892128580338453 0.0
405 0.0 0.011346077292840054 0.0
406 0.0 -0.0418336440167022 0.0
407 0.0 0.015956996728453552 0.0
408 0.0 0.056323661489921295 0.0
409 0.0 -0.03737808681027753 0.0
410 0.0 -0.009735335769420105 0.0
411 0.0 0.00775923337256957 0.0
412 0.0 0.002443449831804493 0.0
413 0.0 -0.024753395115474974 0.0
414 0.0 0.06118473192526559 0.0
415 0.0 0.017981927180375543 0.0
416 0.0 0.00845422831641059 0.0
417 0.0 -0.02133383864364985 0.0
418 0.0 -0.02571317477284779 0.0
419 0.0 -0.07470839992281089 0.0
420 0.0 0.021396154553579554 0.0
421 0.0 -0.01726752893863095 0.0
422 0.0 0.028446727078397755 0.0
423 0.0 0.07291326034637251 0.0
424 0.0 0.06047322799556052 0.0
425 0.0 0.009682082842215459 0.0
426 0.0 -0.03208126435964556 0.0
427 0.0 -0.03238364973516024 0.0
428 0.0 -0.03833021229296871 0.0
429 0.0 0.005655387806267828 0.0
430 0.0 0.022596594493447794 0.0
431 0.0 0.013961390909992679 0.0
432 0.0 -0.018338276144671126 0.0
433 0.0 0.06121687406216339 0.0
434 0.0 0.048707562985148306 0.0
435 0.0 -0.014994417702390971 0.0
436 0.0 -0.004424395233270206 0.0
437 0.0 -0.03143228757564435 0.0
438 0.0 0.002415921312685594 0.0
439 0.0 0.02063843145601959 0.0
440 0.0 -0.04823456335954869 0.0
441 0.0 0.030221719521358575 0.0
442 0.0 -0.0453296282094038 0.0
443 0.0 0.02144233495636183 0.0
444 0.6846693278052487 0.13012127696357645 0.6861212259393694
445 -1.24880398232348 -0.1899321612477682 -1.2485490190509259
446 0.0 -0.0028664507279971578 0.0
447 0.0 -0.01592233064853195 0.0
448 0.0 0.03593829034284161 0.0
449 0.0 0.07017896932828149 0.0
450 0.0 -0.012855414973047177 0.0
451 0.0 0.03272225638036884 0.0
452 0.0 -0.060085634120439026 0.0
453 0.0 -0.03188546286512546 0.0
454 0.0 -0.017781513061095565 0.0
455 0.0 -0.0065098067021455205 0.0
456 0.0 -0.02767669665642483 0.0
457 0.0008180558314729858 0.0742857443306565 0.0
458 0.0 0.07556338286734596 0.0
459 0.0 -0.009945460899659406 0.0
460 0.0 -0.018154440220998342 0.0
461 0.0 0.044237800770812616 0.0
462 0.0 -0.010556981407951187 0.0
463 0.3909211874095082 0.10740108886044274 0.3903407088030734
464 0.0 0.043827424399261364 0.0
465 0.0 -0.002172615238981929 0.0
466 0.0 -0.004327579383723246 0.0
467 0.0 0.036301384527667194 0.0
468 0.0 -0.019132377873874222 0.0
469 0.0 -0.028966861856605942 0.0
470 0.0 -0.06770138007041913 0.0
471 0.0 -0.057957050757299046 0.0
472 0.0 -0.013436362768594782 0.0
473 0.0 0.03851499249589632 0.0
474 0.0 0.015716500075409135 0.0
475 0.0 0.011602679448279207 0.0
476 -0.3192249055023737 0.014950893473251311 -0.3213845660546566
477 0.0 -0.005649726212181988 0.0
478 0.0 -0.011774151201508667 0.0
479 0.0 0.028375143570384675 0.0
480 0.0 -0.046791686482372495 0.0
481 0.0 -0.031714161869163274 0.0
482 -0.7060776768525467 -0.0938621141223889 -0.7056003071929082
483 0.0 -0.020219818202241734 0.0
484 0.0 9.0981784756132e-05 0.0
485 0.0 -0.05383969439103678 0.0
486 0.0 -0.0017943264600562246 0.0
487 0.0 0.017098744473944105 0.0
488 0.0 -0.003087239805072521 0.0
489 0.0 -0.010776564854421324 0.0
490 0.0 -0.006185647357032743 0.0
491 0.0 -0.05472421062774639 0.0
492 0.0 -0.051445832902876874 0.0
493 0.0 0.02076680878303549 0.0
494 0.0 -0.003215429381821155 0.0
495 -0.0008791647413568526 -0.05525543713184841 0.0
496 0.0 -0.009663753352305808 0.0
497 0.0 -0.0006545458829494265 0.0
498 0.0 -0.0380157164243411 0.0
499 0.0 -0.01987706261023897 0.0
500 0.0 0.057065034064109274 0.0
501 0.0 -0.021628119656868325 0.0
502 0.0 0.04146546596844996 0.0
503 0.0 -0.01983402097551634 0.0
504 0.0 -0.06190664337048969 0.0
505 0.0 0.01091783227066729 0.0
506 0.0 0.0231593479543414 0.0
507 0.0 -0.007330069369587886 0.0
508 0.0 -0.018627465648959382 0.0
509 0.0 -0.03531784156070536 0.0
510 0.0 -0.07554482006676314 0.0
511 0.0 -0.06622071154026687 0.0
512 0.0 0.03490663825568064 0.0
513 0.0 0.030564356194264335 0.0
514 0.0 0.012080212917432939 0.0
515 0.0 -0.007157158100694644 0.0
516 0.0 0.016350582743532516 0.0
517 0.0 0.05209013759375925 0.0
518 0.0 -0.006117350325097609 0.0
519 0.0 -0.03931803354186537 0.0
520 0.0 -0.009413557192480937 0.0
521 0.0 0.023799203405038126 0.0
522 0.0 -0.0032431705645240196 0.0
523 0.0 0.014727846514818364 0.0
524 0.0 0.05591078024812394 0.0
525 0.0 -0.024713980922072158 0.0
526 0.0 0.034708603099906254 0.0
527 0.0 0.04949319719930905 0.0
528 0.0 0.017734598125308483 0.0
529 0.0 0.08502222894208468 0.0
530 0.0 -0.025126170037408718 0.0
531 0.0 0.031186816225155407 0.0
532 0.0 0.019887302462877014 0.0
533 0.0 -0.06619183195330139 0.0
534 0.0 0.028960398522302148 0.0
535 0.0 0.0056706124300889196 0.0
536 0.0 -0.04657726570043566 0.0
537 0.0 -0.038316076175155096 0.0
538 0.0 -0.059830131987038654 0.0
539 -0.8864169205019108 -0.09895320971670518 -0.8875249651585643
540 0.0 0.007290179533187892 0.0
541 0.0 -0.01276693574390402 0.0
542 0.0 -0.042626341946659305 0.0
543 0.0 -0.00028349294464975056 0.0
544 0.0 0.012441051118176866 0.0
545 0.0 -0.011146012404412611 0.0
546 0.0 0.026027084070193926 0.0
547 0.0 -0.013330150228684869 0.0
548 0.0 -0.01639504677751691 0.0
549 0.0 -0.0017149330706644449 0.0
550 0.0 0.07282576174832774 0.0
551 0.4384362071914645 0.10477597824899235 0.43863596216348155
552 0.0 0.022119122572484634 0.0
553 0.0 0.01774471098312893 0.0
554 0.0 0.03206268064962513 0.0
555 0.0 0.05459374490965918 0.0
556 0.0 0.018904367884157034 0.0
557 0.0 -0.02265650144070177 0.0
558 0.0 0.0570709170778051 0.0
559 0.0 0.0058807902842035985 0.0
560 0.0 -0.004194904552526431 0.0
561 0.0 -0.011901762615736016 0.0
562 0.0 0.004348078770321041 0.0
563 0.0 0.03339122647117362 0.0
564 0.0 -0.04765039837016573 0.0
565 0.0 0.03723833745814596 0.0
566 0.0 -0.04754805680817254 0.0
567 0.0 -0.03540064837014972 0.0
568 0.0 0.0020414465137081235 0.0
569 0.0 -0.015991608259758924 0.0
570 0.0 0.018549374134784732 0.0
571 0.0 -0.022698813912578074 0.0
572 0.0 0.04208687577444813 0.0
573 0.0 -0.003943872525170894 0.0
574 0.0 -0.0349371504798935 0.0
575 0.0 -0.025539195402597845 0.0
576 0.0 0.015409615818966643 0.0
577 0.0 -0.010686396053809322 0.0
578 0.0 -0.010459886782384728 0.0
579 0.0 -0.04945771517633221 0.0
580 0.0 0.002083751443193796 0.0
581 0.0 -0.011563875253432221 0.0
582 0.0 -0.005744995638418959 0.0
583 0.0 0.006111393273955115 0.0
584 0.0 -0.0002887332170080151 0.0
585 0.0 0.030429193441941615 0.0
586 0.0 -0.03824418361213128 0.0
587 0.0 0.045515467647244186 0.0
588 0.0 -0.024473743340761613 0.0
589 0.0 -0.012302733138265227 0.0
590 0.0 -0.06445141072694965 0.0
591 0.0 -0.04783632446597715 0.0
592 0.0 -0.006637286311912345 0.0
593 0.0 0.013736677107171837 0.0
594 0.0 -0.027558629931718287 0.0
595 0.0 -0.05256716145128487 0.0
596 0.0 0.00770167586839769 0.0
597 0.0 -0.015615405784169095 0.0
598 0.0 -0.024163560671946215 0.0
599 0.0 -0.016613534143574093 0.0
600 0.0 0.03716395227412416 0.0
601 0.0 0.031948211542036656 0.0
602 0.0 -0.042748375641873976 0.0
603 0.0 -0.01842831471395618 0.0
604 0.0 0.017867353323065244 0.0
605 0.0 -0.029388853875221107 0.0
606 0.0 0.0020240802028178607 0.0
607 0.0 0.02804310840891429 0.0
608 0.0 0.04660792015783326 0.0
609 0.0 -0.0011261859034330662 0.0
610 0.0 0.010528425819595613 0.0
611 0.0 0.03657736358387016 0.0
612 0.0 -0.01952238980375096 0.0
613 0.0 0.0031443283866244877 0.0
614 0.0 0.05839652460873696 0.0
615 0.0 -0.030198106825002857 0.0
616 0.0 0.0003685254996946101 0.0
617 0.0 0.04635951109692315 0.0
618 0.0 0.01042797976073233 0.0
619 0.0 -0.043159593462066215 0.0
620 0.0 -0.030543122815043275 0.0
621 0.0 -0.024386454557250126 0.0
622 0.0 -0.019042417093414143 0.0
623 0.0 0.03398601180077497 0.0
624 0.0 0.06167916974341732 0.0
625 0.0 -0.022849971142381374 0.0
626 0.0 0.02657797254953429 0.0
627 0.0 0.03923175271084326 0.0
628 0.0 -0.018891429907278073 0.0
629 0.0 -0.04070801305589707 0.0
630 0.0 0.07578705610896734 0.0
631 0.0 0.054107217653531076 0.0
632 0.0 -0.007450183801195137 0.0
633 0.0 -0.05049639703089597 0.0
634 0.0 0.020578949644214257 0.0
635 0.0 -0.003288237172047033 0.0
636 0.0 0.0030089705612291982 0.0
637 0.0 -0.0614497298597858 0.0
638 0.0 0.03882672392226128 0.0
639 0.0 0.01742239647426818 0.0
640 0.0 0.00286932829059032 0.0
641 0.0 -0.06588917942816203 0.0
642 0.0 -0.013261974036719623 0.0
643 0.0 -0.021317880173872417 0.0
644 0.0 -0.022670812325451067 0.0
645 0.0 0.006006025159604675 0.0
646 0.0 0.0055933258974167465 0.0
647 0.0 0.001182723934320118 0.0
648 0.0 -0.09215567055612678 0.0
649 0.0 -0.050103091030520505 0.0
650 0.0 0.0326305992267218 0.0
651 0.0 0.044132934194808175 0.0
652 -1.3714377269750582 -0.1290314311910952 -1.3724533197301545
653 0.0 0.006963451383265866 0.0
654 0.0 0.029704328833309566 0.0
655 0.0 0.0016175803820224462 0.0
656 0.0 -0.07348079153999389 0.0
657 0.0 -0.03542750794362964 0.0
658 0.0 -0.01109556217918763 0.0
659 0.0 -0.04021028964361544 0.0
660 0.0 0.06283643139257494 0.0
661 0.0 -0.00858259929335111 0.0
662 0.0 0.051923301710297846 0.0
663 0.0 0.025269711436809623 0.0
664 0.0 0.016664272642523324 0.0
665 0.0011421008439742586 0.11098045449196758 0.0
666 0.0 -0.07811942216051804 0.0
667 0.0 -0.021459980521311758 0.0
668 0.0 -0.0011382395442068559 0.0
669 0.0 0.12090408530653574 0.0
670 0.0 -0.010430941931447972 0.0
671 0.0 -0.053371604246381 0.0
672 0.0 -0.04518167606355293 0.0
673 0.0 -0.02332511241619577 0.0
674 0.0 -0.027269176351540633 0.0
675 0.0 -0.016864608739539044 0.0
676 0.0 -0.0010449264880909234 0.0
677 0.0 0.0027302378269105053 0.0
678 0.0 0.01400925375115507 0.0
679 0.0 -0.04313729569363182 0.0
680 0.0 0.04544597206241006 0.0
681 0.0 -0.026189824242149093 0.0
682 0.0 0.03189335734357678 0.0
683 0.0021153111765919164 0.08840087678685422 0.0
684 0.0 0.05553772011227649 0.0
685 -0.6867453626714783 -0.10156610181098796 -0.6880327563584671
686 0.0 0.0317541264948909 0.0
687 0.0 0.05073731647057149 0.0
688 0.0 -0.007902995064869432 0.0
689 0.0 0.006016960509470889 0.0
690 0.0 -0.0009830365215242947 0.0
691 0.0 -0.00813066277747234 0.0
692 0.0 0.006998590409445249 0.0
693 0.0 0.00944943984731217 0.0
694 0.0 -0.047653706169355645 0.0
695 -0.03968272857403354 0.028082719061662292 -0.04033546739139463
696 0.0 -0.01640319814304763 0.0
697 0.0 -0.06020368678118813 0.0
698 0.0 0.012548109034442161 0.0
699 0.0 -0.01631226686928038 0.0
700 0.0 0.003487954907963769 0.0
701 0.0 -0.04085575307055744 0.0
702 0.0 -0.06625025361481315 0.0
703 0.0 0.009988347633559493 0.0
704 0.0 0.015665472743358465 0.0
705 0.0 0.01745753903019336 0.0
706 0.0 0.008423763584889554 0.0
707 0.0 -0.03836328836236823 0.0
708 0.0 -0.004571469264486535 0.0
709 0.0 -0.006331196386185031 0.0
710 0.0 0.058571510879846335 0.0
711 0.0 -0.026794658187914593 0.0
712 0.0 0.06633530592260492 0.0
713 0.0 0.03722014522288464 0.0
714 0.0 0.013725272787198341 0.0
715 0.0 -0.02504358875304017 0.0
716 0.0 0.04589956852739588 0.0
717 0.0 0.010660171022482443 0.0
718 0.0 0.0005269322474906642 0.0
719 0.0 -0.011352309336569019 0.0
720 0.0 0.021469657819547856 0.0
721 0.0 0.04549700486637877 0.0
722 0.0 0.024451607948537367 0.0
723 0.0 0.023632569793696996 0.0
724 0.0 -0.024891356662973145 0.0
725 0.0 -0.011942918314866175 0.0
726 0.0 0.05438139420883248 0.0
727 0.0 -0.019775950080756236 0.0
728 0.0 -0.06387457727964148 0.0
729 0.0 0.01569666548521217 0.0
730 0.0 -0.003705127685682666 0.0
731 0.0 0.05210098693882796 0.0
732 0.0 -0.049573891846057594 0.0
733 0.0 -0.012328933795053967 0.0
734 0.0 0.006369326924539127 0.0
735 0.0 0.06327484981080977 0.0
736 0.0 0.045045113172305536 0.0
737 0.0 -0.0386866195088829 0.0
738 0.0 0.05864361599117331 0.0
739 0.0 -0.021902560624980163 0.0
740 0.0 0.00040287161996344426 0.0
741 0.0 0.05158327851141105 0.0
742 0.0 -0.014989075173934926 0.0
743 0.0 0.031430917565881775 0.0
744 0.0 -0.06162678353775287 0.0
745 -0.7855391447064979 -0.0929562987323542 -0.7873383410978995
746 0.0 0.0001391602063205398 0.0
747 0.0 0.00937058380347151 0.0
748 0.0 -0.030968921301825172 0.0
749 0.0 0.00799544770585555 0.0
750 0.0 0.07223536829392424 0.0
751 0.0 -0.03427357071871979 0.0
752 0.0 -0.01597239559276256 0.0
753 0.0 0.06642072373305315 0.0
754 0.0 6.226360348838937e-05 0.0
755 0.0 0.02214883193355452 0.0
756 0.0 0.017592695393815302 0.0
757 0.0 0.028663489602748428 0.0
758 0.0 0.0032674441662887462 0.0
759 0.0 0.008071709456591244 0.0
760 0.0 0.04308977668999979 0.0
761 0.0 0.02940413474857094 0.0
762 0.0 -0.01681301943105279 0.0
763 0.0 0.004189116490974143 0.0
764 0.0 -0.0010623824551532143 0.0
765 0.0 -0.00805599875861263 0.0
766 0.4657500492847033 0.06731326791504198 0.4674479903915098
767 0.0 0.010333196143287815 0.0
768 0.0 -0.0015371032860201882 0.0
769 0.0 -0.01712614908736234 0.0
770 0.0 0.012563046710756986 0.0
771 0.0 0.005062243538982859 0.0
772 0.0 0.025022783924541346 0.0
773 0.0 -0.01919928675716677 0.0
774 0.0 0.0032502598968364577 0.0
775 0.0 -0.0047159941316203755 0.0
776 0.0 -0.053600165990488786 0.0
777 0.0 0.023525618968374205 0.0
778 0.0 0.0010295519011425218 0.0
779 0.0 -0.036603083126980594 0.0
780 0.0 -0.028886007665056758 0.0
781 0.0 0.011542886529905545 0.0
782 0.0 -0.03982324775272668 0.0
783 0.0 0.03488436648515229 0.0
784 0.0 -0.009628553178399592 0.0
785 0.0 -0.07199343873902969 0.0
786 0.0 0.0018499956967166758 0.0
787 0.0 0.003108030254831403 0.0
788 0.0 0.004928849657599977 0.0
789 0.0 0.0058857619254259405 0.0
790 0.0 -0.027988515546019575 0.0
791 0.0 -0.014988334992792653 0.0
792 0.0 -0.06270173980510114 0.0
793 0.0 -0.04701454073202435 0.0
794 0.0 -0.011697401070252997 0.0
795 0.0 0.04741519258775906 0.0
796 0.0 -0.020389773676742502 0.0
797 0.0 0.016119805011127347 0.0
798 0.0 -0.012939964496292256 0.0
799 0.0 -0.0029028796173720534 0.0
800 0.0 -0.0454529559523232 0.0
801 0.0 0.046776048983876696 0.0
802 0.0 -0.029178083955446854 0.0
803 0.0 0.01794186187239461 0.0
804 0.0 -0.056702080878541394 0.0
805 0.0 0.0220944492045773 0.0
806 0.0 -0.10270101013778331 0.0
807 0.0 -0.019049690355789562 0.0
808 0.0 -0.09498151287610536 0.0
809 0.0 0.03378733828186518 0.0
810 0.0 -0.0031612743572443855 0.0
811 0.0 -0.006420421609663277 0.0
812 0.0 0.004300307133704474 0.0
813 0.0 -0.05174331178355304 0.0
814 0.0 -0.035198430894122994 0.0
815 0.0 -0.04255487904479961 0.0
816 0.0 -0.004746036426728725 0.0
817 0.0 0.019441963874381428 0.0
818 0.0 0.04432840743841955 0.0
819 0.0 -0.02472904497741866 0.0
820 0.0 0.023591975208751646 0.0
821 0.0 -0.029841359876631775 0.0
822 0.0 0.03767018060146042 0.0
823 0.0 -0.023806821809784065 0.0
824 0.0 0.049556913557209356 0.0
825 0.0 -0.015691659916506312 0.0
826 0.0 0.022355578300347352 0.0
827 0.0 0.022164131716715628 0.0
828 0.0 0.020225518785913624 0.0
829 0.0 -0.026353844150912582 0.0
830 0.0 -0.017116890969418895 0.0
831 0.0 -0.0036472575469248224 0.0
832 0.0 -0.04551138558011614 0.0
833 0.0 0.035462324795483016 0.0
834 0.0 -0.03792219197599595 0.0
835 0.0 0.01852185715578802 0.0
836 0.0 -0.05193870968971606 0.0
837 0.0 -0.08067213040017238 0.0
838 0.0 -0.008968678672260484 0.0
839 0.0 0.0199548006903564 0.0
840 0.0 -0.018746615837936166 0.0
841 0.0 0.002405653632129497 0.0
842 0.0 0.014931315983176402 0.0
843 0.0 0.015118782099436085 0.0
844 -0.0024501534264811387 -0.04728428184277012 0.0
845 0.0 0.05388507133466442 0.0
846 0.0 -0.0034280413234347284 0.0
847 0.0 -0.011670256541178432 0.0
848 0.0 -0.03522520046708791 0.0
849 0.0 0.023645588334060986 0.0
850 0.0 -0.0006878627092531363 0.0
851 0.0 -0.046358193637478944 0.0
852 0.0 -0.01580306974630532 0.0
853 0.0 -0.04635369082793234 0.0
854 0.0 -0.0057024205786338315 0.0
855 0.0 -0.03706770740698273 0.0
856 0.0 -0.004516661190201096 0.0
857 0.0 -0.032555058678128655 0.0
858 0.0 0.02038618908180025 0.0
859 0.0 0.030874162979460166 0.0
860 0.0 -0.014094246992391254 0.0
861 0.0 -0.001483362989404595 0.0
862 0.0 -0.05881095246613501 0.0
863 0.0 -0.019436478845957065 0.0
864 0.0 0.012543764284835253 0.0
865 0.0 0.014636000110285267 0.0
866 0.0 -4.3366831303410635e-05 0.0
867 0.0 -0.020024866733220886 0.0
868 0.0 -0.022312726847463882 0.0
869 0.0 -0.04193912412770439 0.0
870 0.0 0.06048850001580231 0.0
871 0.0 0.06964356558428397 0.0
872 0.0 -0.00726959093204128 0.0
873 0.0 -0.011369209039731286 0.0
874 0.0 0.04606011798191544 0.0
875 0.0 0.01091869802368308 0.0
876 0.0 -0.03347357686025403 0.0
877 0.0 0.043203874712525875 0.0
878 0.0 -0.04512223515876357 0.0
879 0.0 0.018712340957865968 0.0
880 0.0 -0.0036767555185132014 0.0
881 0.0 0.014373738988937795 0.0
882 0.0 -0.011860628762292122 0.0
883 0.0 -0.03640842314409025 0.0
884 0.0 0.0045285776456747695 0.0
885 0.0 -0.030248699300484322 0.0
886 0.0 -0.04401420704863707 0.0
887 0.0 -0.023674790544246156 0.0
888 0.0 0.0256305154689615 0.0
889 0.0 -0.03765351252628207 0.0
890 0.0 0.024341446095244086 0.0
891 0.0 -0.055478638784708253 0.0
892 0.0 0.05860456504324023 0.0
893 0.0 0.06454740524229666 0.0
894 0.0 0.04352986980916611 0.0
895 0.0 0.0029527293489785772 0.0
896 0.0 -0.03646238895658093 0.0
897 0.0 0.012807951870940021 0.0
898 0.0 -0.01806826305522808 0.0
899 0.0 0.02848527674155834 0.0
900 0.0 0.005043645994901367 0.0
901 0.0 0.010564621904677737 0.0
902 0.0 0.011593011114979597 0.0
903 0.0 0.04182522979372763 0.0
904 0.0 -0.006930554580820911 0.0
905 0.0 -0.0029991601994292724 0.0
906 0.0 -0.004916191207393419 0.0
907 0.0 0.04638090865927379 0.0
908 0.0 -0.01231130744715363 0.0
909 0.0 -0.021995413890148693 0.0
910 0.0 0.04826882520922216 0.0
911 0.0 0.02297130894944078 0.0
912 0.0 0.007916610489815835 0.0
913 0.0 0.031141013201644807 0.0
914 0.0 -0.044426302624744896 0.0
915 0.0 -0.017133289464721275 0.0
916 0.0 0.008851873505310307 0.0
917 0.0 0.05128119625632439 0.0
918 0.0 0.02472473853989876 0.0
919 -0.4070616302923522 -0.032616405956298146 -0.40843536094504884
920 0.0 -0.035169586288996565 0.0
921 0.0 -0.014147576369153337 0.0
922 0.0 0.03994861454180935 0.0
923 0.0 0.021939818397635442 0.0
924 0.0 0.05045441369802492 0.0
925 0.0 -0.02998114585271457 0.0
926 0.0 -0.03836477845249508 0.0
927 0.0 0.03017676436445078 0.0
928 0.0 -0.053158991909577145 0.0
929 0.0 0.024923379988564077 0.0
930 0.0 -0.007640920066692949 0.0
931 0.0 -0.00199370850871387 0.0
932 0.0 0.011000252936618118 0.0
933 0.0 0.05848734411436259 0.0
934 0.0 -0.017669633238710767 0.0
935 0.0 -0.06476265725972113 0.0
936 0.0 0.03473260399844161 0.0
937 0.0 -0.00315374654470409 0.0
938 0.0 -0.050923431918257434 0.0
939 0.0 0.06188877763619916 0.0
940 0.0 -0.0421623107759571 0.0
941 0.0 0.007572780842587307 0.0
942 0.0 0.01606755281128577 0.0
943 0.0 -0.015411228509798074 0.0
944 0.0 -0.0014174739286895287 0.0
945 0.0 0.027205233263671216 0.0
946 0.0 0.016195322148996473 0.0
947 0.0 0.029670313155626418 0.0
948 0.0 0.031198934239313605 0.0
949 0.0 0.050286177276629394 0.0
950 0.0 0.023170236322429955 0.0
951 0.0 0.06908345760034015 0.0
952 0.0 0.012600352713604598 0.0
953 0.0 0.0042637941170348415 0.0
954 0.0 0.038979010383517886 0.0
955 0.0 -0.04794038694480146 0.0
956 0.0 -0.0038953489638833133 0.0
957 0.0 0.017308405178903117 0.0
958 0.0 -0.02675631219501154 0.0
959 0.0 0.05539177613573565 0.0
960 0.0 -0.02930212074972035 0.0
961 0.0 0.003973096990194304 0.0
962 0.0 -0.06708158497347473 0.0
963 0.0 0.002619575905862941 0.0
964 0.0 0.010688896762190092 0.0
965 0.0 -0.012371586597318032 0.0
966 0.0 0.041106282191265504 0.0
967 0.0 -0.05746653475403805 0.0
968 0.0 -0.019522355754262873 0.0
969 -0.0015387007764757765 -0.07201649588250815 0.0
970 0.0 0.043522478347012235 0.0
971 0.0 -0.021499631748934253 0.0
972 0.0 -0.0016646321001272239 0.0
973 0.0 -0.08160095112525324 0.0
974 0.0 0.02711361761891614 0.0
975 0.0 0.0016213191697270549 0.0
976 0.0 0.028728510182630344 0.0
977 0.0 -0.026971194873680108 0.0
978 0.0 -0.07854324713590854 0.0
979 0.0 0.07821188824229205 0.0
980 0.0 -0.03552048467042673 0.0
981 0.0 0.026072625811842574 0.0
982 1.2391652155212212 0.19869022542349957 1.2396841167196606
983 0.0 -0.047835690184079994 0.0
984 0.0 -0.02554674097576827 0.0
985 0.0 0.016608849808583973 0.0
986 -0.001261039650165996 -0.0579108343556317 0.0
987 0.0 -0.0029361227572911076 0.0
988 0.0 0.053577648549980206 0.0
989 0.0 -0.017878315089755514 0.0
990 0.0 0.01739475796248526 0.0
991 -0.0020115869368160233 -0.06472382135340624 0.0
992 0.0 0.018799787524086488 0.0
993 0.0 -0.023095388051136423 0.0
994 0.0 -0.01606688629044875 0.0
995 0.0 -0.09246519023974502 0.0
996 0.0 -0.037482250037767714 0.0
997 0.0 -0.0058216306067770725 0.0
998 0.0 -0.0029359676126332335 0.0
999 0.0 0.04130331859962715 0.0
